//encoded 1
4F23 //w*x
2000
2111
2222
2333
2444
2555
2666
2777
2888

4333 //summing
0011
0122
0233
0344
0455
0566
0677
0788
08A9 //hasil

//encoded 2
4F45 //w*x
2000
2111
2222
2333
2444
2555
2666
2777
2888

4555 //summing
0011
0122
0233
0344
0455
0566
0677
0788
08A9 // hasil

//relu
9000
4303
690B
4505
690B

//non activated output
4361 //en1*wo1
2900
2911
2922
2933
2944
2955
2966
2977
2988

4572 //en2*wo2
2900
2911
2922
2933
2944
2955
2966
2977
2988

4122 //nambahin hasil kali
0000
0111
0222
0333
0444
0555
0666
0777
0888

4281 //nambahin dengan bias
0000
0111
0222
0333
0444
0555
0666
0777
0888

4111 //summing
0011
0122
0233
0344
0455
0566
0677
0788

