4F43
2000
2111
2222
2333
2444
2555
2666
2777
2888
4333
0011
0122
0233
0344
0455
0566
0677
0788
08A9
4F25
2000
2111
2222
2333
2444
2555
2666
2777
2888
4555
0011
0122
0233
0344
0455
0566
0677
0788
08A9
4303
690B
4505
690B
4361
2B00
2B11
2B22
2B33
2B44
2B55
2B66
2B77
2B88
4572
2B00
2B11
2B22
2B33
2B44
2B55
2B66
2B77
2B88
4122
0000
0111
0222
0333
0444
0555
0666
0777
0888
4281
0000
0111
0222
0333
0444
0555
0666
0777
0888
4102
5000
5111
5222
5333
5444
5555
5666
5777
5888
42F0
1000
1111
1222
1333
1444
1555
1666
1777
1888
422A
2000
2111
2222
2333
2444
2555
2666
2777
2888
42AA
1000
1111
1222
1333
1444
1555
1666
1777
1888
403B
20B0
21B1
22B2
23B3
24B4
25B5
26B6
27B7
28B8
405C
20B0
21B1
22B2
23B3
24B4
25B5
26B6
27B7
28B8
406D
2000
2111
2222
2333
2444
2555
2666
2777
2888
4DAD
2000
2111
2222
2333
2444
2555
2666
2777
2888
4DDD
0011
0122
0233
0344
0455
0566
0677
0788
407D
2000
2111
2222
2333
2444
2555
2666
2777
2889
4DAD
2000
2111
2222
2333
2444
2555
2666
2777
2989
4DDD
0011
0122
0233
0344
0455
0566
0677
0799
4DFA
2800
2811
2822
2833
2844
2855
2866
2877
2888
4DF9
2900
2911
2922
2933
2944
2955
2966
2977
2988
40BE
2900
2911
2922
2933
2944
2955
2966
2977
2988
46E6
1000
1111
1222
1333
1444
1555
1666
1777
1888
40CE
2900
2911
2922
2933
2944
2955
2966
2977
2988
47E7
1000
1111
1222
1333
1444
1555
1666
1777
1888
40AE
2900
2911
2922
2933
2944
2955
2966
2977
2988
44E4
1000
1111
1222
1333
1444
1555
1666
1777
1888
409E
2900
2911
2922
2933
2944
2955
2966
2977
2988
42E2
1000
1111
1222
1333
1444
1555
1666
1777
1888
400E
2900
2911
2922
2933
2944
2955
2966
2977
2988
48E8
1000
1111
1222
1333
1444
1555
1666
1777
1888
40DE
2980
43E3
1A0A
40DE
2990
45E5
1A0A